  0.00   0.00   0.00   0.00   0.00   0.00   0.00   0.00   0.00   0.00   0.00   0.00   0.00   0.00   0.00   0.00   0.00   0.00   0.00   0.00   0.00 
  0.50   0.50   0.50   0.49   0.49   0.49   0.48   0.48   0.47   0.46   0.45   0.44   0.42   0.39   0.35   0.28   0.17   0.00   0.00   0.00   0.00 
  1.00   1.00   0.99   0.99   0.98   0.97   0.97   0.96   0.94   0.93   0.91   0.88   0.85   0.79   0.72   0.59   0.39   0.00   0.00   0.00   0.00 
  1.50   1.49   1.49   1.48   1.47   1.46   1.45   1.44   1.42   1.40   1.37   1.34   1.29   1.22   1.13   0.99   0.79   0.47   0.00   0.00   0.00 
  2.00   1.99   1.98   1.97   1.96   1.95   1.94   1.92   1.90   1.88   1.84   1.80   1.75   1.68   1.59   1.46   1.30   1.09   0.87   0.80   0.80 
  2.50   2.49   2.48   2.47   2.46   2.44   2.43   2.41   2.39   2.36   2.33   2.28   2.23   2.16   2.08   1.97   1.85   1.71   1.59   1.53   1.53 
  3.00   2.99   2.98   2.97   2.95   2.94   2.92   2.90   2.88   2.85   2.82   2.77   2.72   2.66   2.59   2.51   2.41   2.32   2.24   2.20   2.20 
  3.50   3.49   3.48   3.46   3.45   3.43   3.42   3.40   3.37   3.34   3.31   3.27   3.23   3.17   3.11   3.05   2.98   2.91   2.86   2.83   2.83 
  4.00   3.99   3.98   3.96   3.95   3.93   3.91   3.89   3.87   3.84   3.81   3.78   3.74   3.69   3.64   3.59   3.54   3.49   3.46   3.44   3.44 
  4.50   4.49   4.48   4.46   4.45   4.43   4.41   4.40   4.37   4.35   4.32   4.29   4.25   4.22   4.18   4.13   4.10   4.06   4.03   4.02   4.02 
  5.00   4.99   4.98   4.96   4.95   4.93   4.92   4.90   4.88   4.86   4.83   4.80   4.77   4.74   4.71   4.68   4.65   4.62   4.60   4.59   4.59 
  5.50   5.49   5.48   5.46   5.45   5.44   5.42   5.41   5.39   5.37   5.34   5.32   5.30   5.27   5.24   5.22   5.19   5.17   5.16   5.15   5.15 
  6.00   5.99   5.98   5.97   5.95   5.94   5.93   5.91   5.90   5.88   5.86   5.84   5.82   5.80   5.77   5.75   5.74   5.72   5.71   5.70   5.70 
  6.50   6.49   6.48   6.47   6.46   6.45   6.43   6.42   6.41   6.39   6.38   6.36   6.34   6.32   6.31   6.29   6.27   6.26   6.25   6.25   6.25 
  7.00   6.99   6.98   6.97   6.96   6.95   6.94   6.93   6.92   6.91   6.89   6.88   6.86   6.85   6.84   6.82   6.81   6.80   6.80   6.79   6.79 
  7.50   7.49   7.48   7.48   7.47   7.46   7.45   7.44   7.43   7.42   7.41   7.40   7.39   7.38   7.36   7.35   7.35   7.34   7.33   7.33   7.33 
  8.00   7.99   7.99   7.98   7.97   7.97   7.96   7.95   7.94   7.94   7.93   7.92   7.91   7.90   7.89   7.89   7.88   7.87   7.87   7.87   7.87 
  8.50   8.50   8.49   8.49   8.48   8.48   8.47   8.46   8.46   8.45   8.45   8.44   8.43   8.43   8.42   8.41   8.41   8.41   8.40   8.40   8.40 
  9.00   9.00   8.99   8.99   8.99   8.98   8.98   8.98   8.97   8.97   8.96   8.96   8.96   8.95   8.95   8.94   8.94   8.94   8.94   8.94   8.94 
  9.50   9.50   9.50   9.50   9.49   9.49   9.49   9.49   9.49   9.48   9.48   9.48   9.48   9.48   9.47   9.47   9.47   9.47   9.47   9.47   9.47 
 10.00  10.00  10.00  10.00  10.00  10.00  10.00  10.00  10.00  10.00  10.00  10.00  10.00  10.00  10.00  10.00  10.00  10.00  10.00  10.00  10.00 
